123 20 4
00 起點 0 0
01 行雲莊 1 2000 500 1000 3000 5000 0
02 藝術學院 1 700 200 500 1000 3000 0
03 向晴莊 1 750 200 600 1200 3200 0
04 迎曦莊 1 2000 500 1000 3000 5000 0
05 沁月莊 1 2000 500 1000 3000 5000 0
06 命運 -1 0
07 東湖 1 2000 500 1000 3000 5000 0
08 體育館 1 2000 500 1000 3000 5000 0
09 理工學院 1 2000 500 1000 3000 5000 0
10 集賢館 1 2000 500 1000 3000 5000 0
11 游泳池 1 2000 500 1000 3000 5000 0
12 學人宿舍 1 2000 500 1000 3000 5000 0
13 含星莊 1 2000 500 1000 3000 5000 0
14 環頸雉 1 2000 500 1000 3000 5000 0
15 環境學院 1 2000 500 1000 3000 5000 0
16 機會 -2 0
17 花師 1 2000 500 1000 3000 5000 0
18 行政大樓 1 2000 500 1000 3000 5000 0
19 管理學院 1 2000 500 1000 3000 5000 0
20 原民院 1 2000 500 1000 3000 5000 0
21 華胡 1 2000 500 1000 3000 5000 0
22 人社學院 1 2000 500 1000 3000 5000 0
23 湖畔餐廳 1 2000 500 1000 3000 5000 0
24 擷雲莊 1 2000 500 1000 3000 5000 0
25 圖書館 1 2000 500 1000 3000 5000 0
26 仰山莊 1 2000 500 1000 3000 5000 0
27 多容館 1 2000 500 1000 3000 5000 0
playerstate 0
0 00 30000|Player1 0 0 0 0 159 100| 0 0.000000 0 0.000000 0 0.000000 0 0.000000 0 0.000000 0 0.000000| 0 10 1 10 2 10 3 10 4 10 5 10
1 00 30000|Player2 0 0 0 0 47 100| 0 0.000000 0 0.000000 0 0.000000 0 0.000000 0 0.000000 0 0.000000| 0 10 1 10 2 10 3 10 4 10 5 10
2 00 30000|Player3 0 0 0 0 79 100| 0 0.000000 0 0.000000 0 0.000000 0 0.000000 0 0.000000 0 0.000000| 0 10 1 10 2 10 3 10 4 10 5 10
3 00 30000|Player4 0 0 0 0 207 100| 0 0.000000 0 0.000000 0 0.000000 0 0.000000 0 0.000000 0 0.000000| 0 10 1 10 2 10 3 10 4 10 5 10
